"cHL01"	"cHL02"	"cHL03"	"cHL04"	"cHL05"	"cHL06"	"cHL07"	"cHL08"	"cHL09"	"cHL10"	"cHL100"	"cHL101"	"cHL102"	"cHL103"	"cHL104"	"cHL107"	"cHL108"	"cHL109"	"cHL11"	"cHL110"	"cHL111"	"cHL112"	"cHL113"	"cHL114"	"cHL115"	"cHL116"	"cHL117"	"cHL118"	"cHL119"	"cHL12"	"cHL120"	"cHL121"	"cHL122"	"cHL123"	"cHL13"	"cHL14"	"cHL15"	"cHL16"	"cHL17"	"cHL19"	"cHL20"	"cHL21"	"cHL22"	"cHL23"	"cHL26"	"cHL29"	"cHL30"	"cHL31"	"cHL32"	"cHL33"	"cHL35"	"cHL36"	"cHL39"	"cHL40"	"cHL41"	"cHL42"	"cHL43"	"cHL44"	"cHL45"	"cHL46"	"cHL47"	"cHL48"	"cHL49"	"cHL52"	"cHL53"	"cHL54"	"cHL55"	"cHL56"	"cHL57"	"cHL58"	"cHL59"	"cHL60"	"cHL61"	"cHL62"	"cHL63"	"cHL64"	"cHL65"	"cHL67"	"cHL68"	"cHL69"	"cHL70"	"cHL71"	"cHL72"	"cHL73"	"cHL74"	"cHL76"	"cHL77"	"cHL78"	"cHL79"	"cHL80"	"cHL81"	"cHL82"	"cHL83"	"cHL84"	"cHL85"	"cHL86"	"cHL87"	"cHL88"	"cHL89"	"cHL90"	"cHL91"	"cHL92"	"cHL93"	"cHL94"	"cHL95"	"cHL96"	"cHL97"	"cHL98"	"cHL99"	"HL001"	"HL002"	"HL003"	"HL004"	"HL005"	"HL006"	"HL007"	"HL009"	"HL010"	"HL013"	"HL014"	"HL015"	"HL021"	"HL022"	"HL031"	"HL032"	"HL079"	"HL080"	"HL145"	"HL146"	"HL150"	"HL347"	"HL353"	"HL356"	"HL357"	"HL359"	"HL360"	"HL363"	"HL364"	"HL367"	"HL368"	"HL370"	"HL376"	"HL378"	"HL382"	"HL383"	"HL387"	"HL391"	"HL393"	"HL398"	"HL400"	"HL417"	"HL419"	"cHL124"	"cHL136"	"cHL137"	"cHL138"	"cHL139"	"cHL144"	"cHL145"	"cHL146"	"cHL147"	"cHL148"	"cHL149"	"cHL150"	"cHL151"	"cHL153"	"cHL154"	"cHL155"	"cHL156"	"cHL157"	"cHL158"	"cHL159"	"cHL160"	"cHL162"	"cHL164"	"cHL165"	"cHL166"	"cHL167"	"cHL168"	"cHL169"	"cHL170"	"cHL172"	"cHL174"	"cHL175"	"cHL176"	"cHL177"	"cHL178"
"B_GC_S01"	0.533481992413496	0.403762819052128	0.805951550756279	0.241124233754583	0.0416276700135223	0.0046092937257755	0.469224992385608	0.701772737845528	0.227196239020176	1.95198411446145e-15	0.532865683438803	0.486206921602976	0.36380051123494	0.310408261589206	0.242473305067325	0.627274665591054	0.224870680286057	0.570857597788495	3.67340502440211e-15	0.303028442049724	0.246419973587572	1.23945009077356e-15	0.352137538608223	0.462154769080577	1.42329469460905e-15	0.055668313782329	0.140425901548099	0.553639105739328	0.251305460251182	0.616212395280708	0.0433482262223313	0.54026584341337	0.235787740534085	0.268316481818126	0.438689498116158	0.673119143048252	2.77282585523231e-15	0.623631712495342	2.71996040250375e-15	0.260521736905219	0.0906985608276707	3.54722925787122e-15	0.0011746698645618	1.9455166651734e-15	0.812723047890697	2.27520249967005e-15	1.53946244749402e-15	1.50328856121064e-15	0.02350735757468	0.333196433256803	0.0286903800054664	3.84088846682741e-15	3.99846990147538e-15	2.44908696005411e-15	0.379728815776679	0.274132804182581	0.554788091213557	0.0942391156643034	2.03463853172087e-15	0.0583938229908755	0.845926008627685	0.3913634639446	3.64523521700529e-15	0.129267716717672	0.182107706065973	4.21165415904172e-15	0.513102488698113	0.452930578522642	3.83385371527417e-15	3.36625296562208e-15	0.688798517809696	0.502984662926204	0.507207160609593	0.18584754889403	3.75090855197508e-15	0.127207907812022	2.22918893912763e-15	0.0249981792995534	0.490006373445361	0.0989855960791771	3.74607819318913e-15	3.67646287424004e-15	3.22333849363154e-15	0.269186451927748	0.654311293515755	0.109194812559068	0.271490485905996	1.79227488600098e-15	0.274117960988689	0.0327323031086907	0.0274854177642061	0.14490191624975	0.0737088831854346	0.0955083656987214	0.0584003511812579	0.089121254459765	0.0551922004638312	0.022081251193248	0.279875241514648	0.39822678914291	0.128668562415804	0.0537394973113431	0.271702189436852	0.317527266679894	0.309683899004158	0.114629084115812	0.301192620172311	0.105565451263479	1.68130579456736e-15	3.83503921919972e-15	0.286992305389465	0.0231652320008544	2.64380486500924e-15	0.696006753135692	0.511833786277747	3.5832255210993e-13	0.0593299051639118	0.160069331254735	0.0929049781616681	0.71819111452768	0.49744705977521	0.801025484481938	0.523689039818906	0.277181835131394	2.19723004148825e-15	0.0854000162407807	0.539808260621926	0.180227143885931	0.387352899035133	0.231852751581771	0.292946240449642	0.230810851443509	0.559574823272626	0.946956474941209	0.248011607313737	0.280458524028239	0.326242802705395	0.328668531355014	0.789913257075434	0.504511915658702	0.901329693444593	0.66901588222896	0.770051757990093	0.490024829953306	0.0140716933459816	0.0974269836608854	2.89491164157787e-15	0.00215051822848702	0.379034042868764	0.18069825360421	2.47754877875034e-15	0.0828900159061407	0.115330839386618	0.296941895852609	0.0939336686949518	0.497992403399977	0.45924968625248	1.96952283510281e-15	1.25818568120753e-15	2.3810128435034e-15	2.72968855676397e-15	2.54783531524311e-15	0.0694574351055832	2.86246498061654e-15	0.0478945063599053	0.0784793570465573	2.69135439204981e-15	2.84303727581241e-15	2.14687877873648e-15	2.94669328021768e-15	2.05875268139797e-15	0.0918693597542827	0.116825538022723	1.77000134861784e-15	0.327158029457657	2.4611175761219e-15	0.0441030333892712	0.428394473537183	2.7242337567422e-15	2.92473104843026e-15	0.0305177321392521	0.322766718349765	0.0699336356811104	2.43492123910952e-15	0.333032534968286	8.60919522287403e-12	0.275548715433243
"CAF_S02"	0.677150618486648	0.605824451027953	0.545227103686937	0.161834845451873	9.69026154994736e-16	1.35572170441981e-15	0.0914366477739065	0.900689131741095	0.643861492808455	1.28017358226576e-15	0.562223042549642	0.462214730997171	0.366976357849413	0.13426544927397	0.2492725454083	0.594306027074769	0.406978361299149	0.591223095606596	1.29791667483442e-15	0.0857963969515645	0.58801438700491	7.13248878794435e-16	0.371204457352493	0.275183595194266	7.48136419723887e-16	0.222352682650447	0.485136349785895	0.513433773746692	3.54757811465848e-08	0.866322891772109	0.392940811146315	0.336961108937768	0.53253440400235	0.152374141538235	0.733763512312115	0.128499035595814	1.24326287247581e-15	0.0696937749378363	1.06897914677975e-15	0.691528280199695	9.8373556238945e-16	0.0666375596608412	0.149653161299645	0.0936593777196482	0.957901518154365	1.26120117279681e-15	0.0379439562233925	0.341681750081664	0.00607846866866267	0.59754896791947	1.12210093167703e-15	1.22037953467333e-15	1.34982326652794e-15	0.471407576206714	1.09840260913232e-15	1.17143118672798e-05	0.524637118281819	9.5135269103901e-16	1.11159308884033e-15	1.17984704661888e-15	0.950552006815323	0.922557123575509	1.27485382923585e-15	1.04838435467032e-15	1.31205265474353e-15	1.22821090097083e-15	0.10133333532489	0.0152610741659682	1.3579342175394e-15	1.45644823636185e-15	0.450661391115994	0.499511758241417	0.571925594544002	1.41543219744643e-15	0.262109324700619	0.720607583188746	0.26655641227867	0.627204962156918	0.323319919501632	1.048014456959e-15	0.442362907295117	0.0497637874772336	1.22029257151851e-15	1.25803763778564e-15	0.51939078507136	0.0268812762152339	0.148004411525443	1.02298179546622e-15	0.115891858591092	0.00134452759003626	0.191759159958249	6.86320568150915e-16	6.77888782505437e-16	7.925135869917e-12	0.000792531685539514	0.151302846449887	0.0669502663563783	0.39908765320602	0.198550969273052	0.270433027843416	0.213860852151624	0.152196263732756	0.28210896121854	3.59593586772113e-07	0.244694237259731	0.128573467609345	0.084809314250786	7.48789504954521e-16	8.69454562783074e-16	0.0424030398294041	1.10151323891292e-15	0.827124249524597	1.24241501412992e-15	0.712602214239881	1.24947098490567e-15	0.552068608358053	0.040625693684413	0.0188976113524265	0.406447145364678	0.837038596840544	0.718822483448745	0.83965209289298	0.999399286746318	1.23827679811132e-15	0.0693236056034731	0.508221421563576	0.30411715372567	0.708289642202646	0.47045459118127	0.00294119303516719	0.690887136312966	0.241082357403078	0.614161678189412	0.751408872246382	1.09810837594216e-15	0.181840653290127	1.39507774666972e-15	0.67214581785559	0.830438624200886	0.813355525008314	0.58366553174092	0.183880836147588	0.922978584311043	1.23151098357451e-15	1.11494252956889e-15	0.128473489533703	1.37653563109993e-15	0.249801805823223	0.270222165471036	0.847606844073906	0.0871111904814943	0.191831400554763	0.487608232871924	0.00540197899088483	0.259762369591617	0.0395027869093758	0.560807233993611	1.094334947154e-15	0.125270460393308	1.09640121268585e-15	0.0609593384699633	0.00807253842607115	0.396943159304213	0.29440770653379	0.665946958558628	0.276039276421028	0.260220831130915	0.446131478927234	1.33513556098674e-15	0.576619064982647	1.19343523641983e-15	0.168396445161692	0.32292636138314	1.08290992373202e-15	0.756773321291865	0.219167204156384	1.14533610945656e-15	0.773997100168306	0.757529554693062	1.41530659843532e-15	0.68264944154753	0.603594723119752	0.348081955441698	1.26514815059348e-15	0.587841283526782	0.323623974293173	0.85682699623725
"DC_Conventional_S04"	0.747416756574857	0.630446499976061	0.626975992409424	0.350204840745754	0.247668772656992	0.153002550562724	0.62436348066247	0.69012808186281	0.425393502960772	1.0395461990161e-15	0.429504283903202	0.354364190404428	0.156618563193058	0.174510262679775	0.127803404007888	0.417921415899116	0.253824806698484	0.504581178730053	0.0199592641768764	0.0562722894109049	0.450541054992498	8.92869539814966e-16	0.328912249296375	0.14704934039493	7.28950708344916e-15	0.0468511786232977	0.216829048490283	0.554733606161115	0.0121537068377016	0.744139263345727	0.171030576160302	0.307438085814311	0.359830075295102	0.273385985479879	0.600296399582668	0.64490422409063	1.25705221560498e-15	0.686453212172586	1.20931953438787e-15	0.559712318311176	0.00113557805372619	0.144017785272193	0.0787891247256709	1.06589629756631e-15	0.91892840578913	0.0424706789897126	9.14742066993925e-16	9.58287318070691e-16	0.112291869996307	0.500386523407898	0.014128748997507	1.4795202358793e-15	0.102016915472647	1.26189988190745e-15	0.240170168324235	0.48728940135225	0.230085514483476	0.0325782623212593	1.01247091584283e-15	1.17602574721445e-15	0.739897399235462	0.571542367840642	1.67783659486105e-06	0.18261764032365	0.0392471831677449	1.47277479962134e-15	0.71704404057673	0.220752998260818	1.49382490253172e-15	1.33475440653777e-15	0.800365198331804	0.896344209147583	0.187656121362693	0.110597683958603	0.160634342594937	0.0685224242618566	0.135809961370945	1.31192101178462e-15	0.515202873835534	0.161778441979653	0.0535140279148669	0.00975090506036217	1.36073728288126e-15	0.158259218302311	0.481613460266779	0.144843443020424	0.0164454397806364	3.16544164482138e-05	0.0935162996105996	9.72208018308015e-16	0.0545287139142579	8.53962462677884e-16	8.36174545712972e-16	8.68876824898091e-16	9.24471604706645e-16	0.0611331261698692	2.08328247864381e-13	0.132314628138022	0.184546422115265	0.0303365489619233	0.0856386427373233	1.77173372181476e-15	0.196213662305125	0.193551963617559	0.0833862360424264	2.91596422511679e-12	0.246145100627192	0.0377579256335092	5.15759876660328e-13	0.269590532034872	0.220336435371585	0.31447248643287	1.27388117498014e-15	0.558907564069273	0.457781064983072	0.255401162414749	1.1794692051501e-15	0.394182766153538	0.0672021839714919	0.630270153707653	0.551400297535523	0.727342865497762	0.614951728825424	0.361617470627571	0.0300270078516305	0.253427350838146	0.694043014105671	0.582837570930089	0.702301051307117	0.505096719444928	0.191712200072969	0.161554924725585	0.680513729815075	0.611543980899035	0.24238396865977	0.377436036725992	0.0622951497888117	0.622904420939561	0.83290129769563	0.269615433039425	0.463623890888913	0.536537115229961	0.740049937568163	0.437153984477297	1.24094004933857e-15	1.17446055481064e-05	1.30766474437153e-15	0.392369180512229	0.215364799437352	0.608917334732691	1.23362605256802e-15	0.383605555104388	0.16415887040618	0.590302592614674	0.189647530353162	0.756962081400692	0.517068350048718	1.08428223515024e-15	9.46506825265957e-16	1.23909076338066e-15	0.125611544758485	1.22193829228409e-15	0.288643315659142	0.0621971181950987	0.060313873409063	0.321653966204737	1.36986993080737e-15	0.172741451322723	1.23773899781796e-15	0.288551256499438	1.18077685253377e-15	0.0994439142429504	0.437829559081104	1.05808380498939e-15	0.384422604014188	1.37863393511884e-15	0.0167747411588291	0.541545856794391	0.097755012684353	1.33570476890093e-15	0.0413236239047328	0.472282302774036	0.0973676023171826	1.20430145872062e-15	0.163002776486528	0.369234014090333	0.269958189489764
"DC_Plasmacytoid_S01"	0.982890389019989	0.999999999999998	0.563228173410037	0.0269428086111511	1.45238672027336e-15	0.15424002544207	0.18165204761987	0.857738172863144	0.66355264412875	0.31948189836258	0.986195195109993	0.7508610854295	0.521026333441557	0.437098893841571	0.370139289586341	0.680072101685639	0.38125468767826	0.871446345576825	1.715627781372e-15	0.245699345733755	0.693389138398528	0.704505489988571	0.50492825729734	0.785404998182578	0.836337884421303	0.885435969472592	0.793724459329382	0.69473660227567	0.814341907178119	0.584843373258102	0.613365418630963	0.95664017606204	0.804153197939846	0.567765421521784	0.829099757832001	0.263917029744049	0.0418826072925426	0.493775995403074	1.68676847187028e-15	0.49205855788723	0.688714419536923	0.109686418296443	0.219809202081605	0.623351072147131	0.781666647049189	0.100736444690157	0.819012187840989	0.709525387051175	0.0259630533501651	0.368656658101556	1.80157267398907e-15	2.21052389523714e-15	4.66415976422302e-12	0.54832525584101	1.84424135168956e-15	0.0173995997454903	0.470039421960385	0.66532978467849	0.186463471741201	0.177530201120101	0.95672225421354	0.881818758227464	1.80181648933339e-15	2.02703435187865e-09	6.14684153074547e-05	2.00999880434327e-15	0.234127807732558	0.134238155485285	0.00248190130349942	0.00399530393070227	0.557853963997328	0.201978115632714	0.899861933350673	0.00822782438916814	0.423673069699596	0.640769112007257	0.768257140967833	0.722325582634122	0.523630832654067	1.78476285795659e-15	0.46068475268009	0.0998322921652869	0.0492369986858915	0.243740462746569	0.500111085561775	0.858840370720591	0.835318520319668	0.693844827476974	0.942541350556889	0.954951064783201	0.944436183907973	0.935319464037637	0.999999999999999	0.999999999999999	0.1725740231578	0.605040222679518	0.864343460973146	0.752238879401896	0.794553009129136	0.822030441297782	0.927754793996207	0.720619864365601	0.708968499864683	0.923370207641505	0.945785259114836	0.996278952809948	0.741945224338597	0.999999999999999	0.53183168118187	0.0889723310537744	1.54923750561853e-15	0.622625791583836	1.63861316988951e-15	0.878187639621916	0.122446185867968	0.799005445769103	0.534259959027032	0.00863899900532009	0.632578208404631	0.97144515986265	0.689005334971672	0.754357265703062	0.808499328570036	0.0334720417064016	0.0175885935006428	0.999999999999998	0.323980322651289	0.946295658001531	0.829390586853639	0.0417489327334011	0.67360225236807	0.61456384114583	0.288204402614592	0.963209546290365	1.62469439730471e-15	0.114745245507563	0.053920958913692	0.41055338655344	0.990015235971544	0.750815855805321	0.87523337100767	0.667022455765626	0.84681316622976	0.190923881229024	1.59162182477809e-15	0.546866409033656	0.201351010576518	0.0186823734438854	0.999999999999999	0.747415976733149	0.461203407729179	0.0986279934807805	0.730882950126048	0.0864813527268512	0.882371716384898	0.196778046561953	0.659660192023638	0.0380723240042586	0.688366024463251	1.83006266929589e-15	0.101573852643688	0.136244605028886	0.558317479315647	0.504328170964136	0.815237981428788	0.190757062294168	0.441862078982103	0.886135734160452	0.260865629252213	0.937364717128029	0.0142174905708616	0.35707843196456	0.290269597178057	0.405565115910815	0.88985587997123	0.452330860622301	0.157917318697478	0.755079871822599	0.840518101893478	0.136919331195495	0.567274523150529	0.999999999999998	0.413324938142495	0.088622060003593	0.513528329108273	0.228687208141463	0.765440759717885
"HRS_S01"	0.401299104131366	0.422341170850764	0.324262444766808	0.39195331471856	1.63603146407077e-15	0.107611515296174	0.405005393472033	0.408880485758861	0.627821808217652	1.21064651524448e-15	0.367702458423954	0.211733037975002	0.0967111238506543	0.153613074639207	0.365224164768399	0.194241869071136	0.079584386722912	0.344208872369202	0.206957409356372	9.98019243878828e-10	0.329753895608651	1.41417878057818e-15	0.141504429882471	0.120628174942266	1.52713966222864e-15	0.0353233485189752	0.290335744279382	0.194513295803251	1.63628978801848e-15	0.745434144319193	0.179707199556674	0.0483817537100053	0.486432849127128	0.00536573901752612	0.569592378142361	0.613260501015241	1.32731130769305e-15	0.390382691765662	1.45251604416108e-15	0.531154564309496	1.42266002245836e-15	0.270999176641013	0.111194817509205	1.27024482717848e-15	0.833567309375277	1.61254083456036e-15	1.54419123140744e-15	0.236912903391095	0.0442038463902717	0.414697311375588	1.00714146962423e-08	1.43851407252481e-13	1.58876675205805e-15	0.252486858089179	0.0471371100212581	0.345593543049093	0.649487964272245	0.0753822349903986	1.2449805039245e-15	1.61201781878491e-15	0.396757695657107	0.58336174838723	0.0544859302293132	1.86502468514561e-15	0.043326137107617	1.38619337902419e-15	0.60080146328043	0.228700321603603	1.56337127790346e-15	1.41186758594214e-15	0.699108168970765	0.771470657365593	0.474840230240685	0.136244288073097	0.133806651266692	0.220527593540134	0.229804153443561	0.369110915521795	0.567793776369948	1.69245108042612e-15	0.222354101758216	0.104251810350437	1.42662845565838e-15	0.161879061755947	0.268783267158272	1.53984264815516e-15	1.63255750914095e-15	1.22115846042065e-15	1.53912465352094e-15	1.46798388628956e-15	1.50663628091798e-15	1.47960123857373e-15	1.49183917334085e-15	0.0740473457834368	0.0340861489262846	1.60692031894496e-15	1.63477049022313e-15	0.299934042015538	0.241740728894173	0.0337799922871182	1.66493554662085e-15	1.6737402396181e-15	0.142461905282432	1.58030580986549e-15	0.268571536853602	1.59771028798643e-15	0.0666496544865933	1.55534997406613e-15	1.50199660048272e-15	0.230263736402631	0.000354538451607761	0.775971675240016	0.0285719473786185	0.794404160914028	0.206331539019648	0.305652927257666	0.236556670485207	0.371773010337192	0.482293284244442	0.563884366282666	0.86883513450557	0.77399810654005	0.682247355430742	0.04581763421043	0.234035703427476	0.707056410948041	0.749239206426576	0.799022373627641	0.725698015925989	0.46284268591322	0.443351550344769	0.336982478795842	0.638109392376342	0.531391862258315	0.000625946079923639	0.345159635794825	1.64164528444242e-13	0.62246451752386	0.77667745596835	0.55009904990543	0.321245270477245	0.411619632767109	0.478528423581185	0.03466863632649	1.43236211564977e-15	0.0746166491712764	1.32044936825996e-15	0.293891087632245	0.00926640691136625	0.466704204804864	0.120523971069352	0.547992122055834	0.149964965890535	0.298220050828784	0.263489847194606	0.53281468765373	0.693265525537427	1.59970409515241e-15	6.19998519367621e-15	1.56571520586384e-15	0.0252411990920921	1.45062186598821e-05	0.457847418394999	0.39191540617221	0.360389421076414	0.328485605984033	0.0971594239211928	0.221811167839872	0.0450998675480545	0.267698112926703	1.78203531337197e-15	0.400648108537534	0.601810320498663	1.07096618783167e-15	0.620526686099715	0.383894633490494	1.41903287257848e-15	0.516638671838738	0.471088805706639	0.0161618692282289	0.510698921363529	0.408074227423585	0.654037686010358	1.31452673630874e-15	0.326541395901952	0.638220880688648	0.492981045538748
"NK_cell_S01"	0.596281544646568	0.272407811386006	0.781561887585735	0.330271300159549	0.22027228798498	0.0572847071904146	0.489506001169713	0.757521312427359	0.320477235624712	1.70722794705576e-15	0.501955805163205	0.427380613644699	0.419724986416032	0.321177896216492	0.423714009123442	0.680586499966325	0.272758188999968	0.59489042126396	2.22761473502967e-09	0.603088032128608	0.410399555385844	8.40179792034545e-14	0.357624948329232	0.320117454831067	1.21190855569689e-15	0.110295797163974	0.279685651613075	0.581257948972292	0.231820000519138	0.717068933096823	0.380238133023614	0.514886585414768	0.403802237753161	0.401090630485396	0.529621586389519	0.729637287764351	2.19991417318275e-15	0.714805965015519	2.27854561313268e-15	0.481599326522931	0.205982690354899	0.00613171013491812	0.169443641182345	1.65551091399455e-15	0.953869100918655	2.10114916332834e-15	4.86035043277207e-15	1.40974160968394e-15	0.127436058427571	0.236694709059402	0.100973774114387	3.78405650121059e-09	2.12358346175127e-15	2.18707579319374e-15	0.438002192437228	0.336413416058907	0.208778503120405	0.273960748580252	1.501872227174e-15	0.0898444793303376	0.752749784247781	0.516490973671068	2.14485269384261e-15	0.147190030654965	0.158635762428319	2.4753849107748e-15	0.694426631222215	0.470172600983204	2.62445204524363e-15	2.22641685284427e-15	0.827390247231379	0.611185803550719	0.312482412395709	0.183290952870281	2.44838092704794e-15	0.191686250212922	1.7631298298231e-15	2.22372215048011e-15	0.742771409693136	0.162148258931921	2.40767167042352e-15	0.083189244858374	0.0356489990680022	0.301340137537966	0.768816137475646	0.171214434932825	0.381184832346581	0.0340736138093409	0.341061619756882	1.40532757915188e-15	0.061677893485937	1.16348312406312e-15	1.13524194783409e-14	0.153307925028758	1.84936411501197e-13	0.212855998816709	0.328673366104491	0.0771087923700283	0.281808400499121	0.362754299368593	0.171727877965	0.180628085948945	0.2688417402852	0.222711323993885	0.427975045459057	0.230419057686797	0.239145076519919	0.00500690855040882	0.0956123925720546	2.49959719456242e-15	0.328045328238169	0.0499339538281621	2.16374247675932e-15	0.523872853724566	0.449955093799171	0.133743694627765	0.0103211265207536	0.181575516096545	0.0996189448515919	0.436097130448486	0.242981200786109	0.848112901383721	0.539196082840694	0.383310016502726	1.84276944741583e-15	0.0382970614409451	0.490311852734939	0.195413154300879	0.410567086880011	0.29233922258054	0.346537886012812	0.369209800879022	0.668125459350091	0.832880137912979	0.409143619420877	0.47566408682174	0.296178168367884	0.510297183565842	0.728108481095616	0.526731957474184	0.786750025392686	0.529975096244251	0.570277425172708	0.618958182277443	0.168477186369162	0.0699778557598665	0.00157997395725084	0.109869640555166	0.673989803773182	0.492930136303074	2.12872992996178e-15	0.352787320186205	0.236152403183964	0.455539954680404	0.0207378262207745	0.714783867928514	0.491013782051196	1.75304429030878e-15	1.45748080131709e-15	2.20106721902849e-15	2.47772113051183e-15	1.93630670138483e-15	0.0242833103511005	0.00635123185291083	2.21505964796143e-15	0.119927550073829	2.13132055821037e-15	0.00984580155787587	1.92034728967384e-15	2.05812629553134e-15	2.01813014039706e-15	2.0524904723465e-15	0.150766580950053	1.41482735061016e-15	0.225682816224648	2.26798320527295e-15	1.78931191685385e-15	0.180029069708667	2.49671901107688e-15	2.37930058537784e-15	2.25931597712236e-15	0.0732511626078482	3.02697514357095e-08	2.01857258390399e-15	0.0870822455576312	2.7430928892851e-15	0.162018509344099
"T_Treg_S03"	0.695808431337861	0.761755603308935	0.574701343871061	0.21989006434033	2.36859227364665e-15	0.189010725731975	0.487187343867376	0.803369568956553	0.523731647138243	2.60417426700507e-15	0.414582424664668	0.479797282125565	0.225653589734332	0.418943351565136	0.27302015245976	0.617455982823527	0.38708704111208	0.640243216540644	2.76295109285901e-15	0.255683448994542	0.384273948039941	1.88920907036567e-15	0.362279755074263	0.234827416179993	1.97732736131677e-15	0.26210751477553	0.331002067210289	0.543046873305781	0.112717941291972	0.817665309909446	0.170178937475548	0.349138111441974	0.440991104286134	0.36576775546884	0.550168699520107	0.54504500292713	2.90816718349382e-15	0.719391904660953	2.66032947330436e-15	0.587347158309284	2.20015886984994e-15	0.270847548143584	0.44605284959744	2.40677081184151e-15	0.997857579493984	2.70864564010418e-15	2.01949919458187e-15	1.70080397813356e-15	0.128391050386482	0.498496134194798	2.65046344635596e-15	0.106695843720667	0.12460173237164	0.026579798230467	0.145107677028166	0.331496709297171	0.476268368141019	0.028132419955455	2.38838085687131e-15	2.6448921574984e-15	0.878885752527074	0.677568807815623	0.198793678194511	2.41184875836262e-15	0.0255475052942176	0.110778824096547	0.505849250849084	0.26388677053272	0.181196058743765	0.00533263545519442	0.907906862795565	0.58695218952649	0.488075484497933	0.14170136216924	0.296987513379386	0.263323980891283	0.205772902910446	3.01430953554403e-15	0.551963137759388	2.64902887829197e-15	0.20149277067913	0.230299938308213	0.053366021302775	0.113578515491199	0.214947043708529	0.13072647784937	0.0900947550314488	2.1437453737533e-15	0.118462083084156	0.0421921426275597	0.092893675382765	3.58951723326504e-11	1.89050966124777e-15	1.91932749732529e-15	2.01149919119739e-15	0.0839202550591677	0.0260944953200752	0.154308104955865	0.169121935873852	0.175970982516322	0.128015762433227	0.0791309860440424	0.30077510443669	0.137307744129847	0.180030530663807	0.0571312483551227	0.154625133538071	0.0685058418576222	2.07567261533311e-15	0.338726092303951	2.4658677956088e-15	0.406269460113413	2.62496139319761e-15	0.667727427806195	0.39556745614321	0.280904814085241	2.95464387825913e-15	0.571136171514221	0.249922647338513	0.89915602767322	0.642993050548856	0.620478911011522	0.905494544503237	0.26969587090017	2.42322646905134e-15	0.62200228629398	0.756687730770708	0.621132855101142	0.708562997386698	0.368972274367597	0.224959930474566	2.49788972904971e-15	0.409043736018104	0.448046580810696	2.46900907744421e-15	0.220853536530854	0.00726937695939673	0.702050880925262	0.918116495316026	0.480011009451179	0.408943510452312	0.543469072943784	0.812633951086446	0.121270970488261	2.61292201600025e-15	0.166546721901268	2.8268834421076e-15	0.378386127898674	0.365421853524148	0.679614384139678	0.0209231563367561	0.424206230120933	0.364545902187087	0.452187179004216	0.273249113667441	0.678729605263462	0.635566008872713	2.34487259967307e-15	2.22752791549186e-15	2.77698595140783e-15	0.0835455399364431	0.0139313861364198	0.286995797041626	0.145728037266594	0.0666417383577155	0.224015478658592	2.92881450160037e-15	0.219159646273341	2.7482517288512e-15	0.327007990930968	2.69123559490005e-15	0.311026765021784	0.501776493622867	2.39403107705073e-15	0.604088375042561	3.09396297323743e-15	2.49104276781168e-15	0.610076948855934	0.149058752661198	0.0927006490840812	0.147523641720883	0.48602124952718	0.203896784267172	2.71266995386695e-15	0.458130285458626	0.285730761890928	0.364051398881035
"CAF_S01"	1.01650209105909e-15	1.00507781350076e-15	0.454772896313062	0.838165154548126	0.999999999999998	0.983122540348462	0.908563352138034	0.000351859517465982	0.321499355511875	0.480913219046179	9.32855531173544e-16	0.114808105264177	0.269909096125777	0.549297808384559	0.459398439020033	0.0750690512436353	0.176609220898031	0.0804241538556416	0.981662871589382	0.510065499089007	0.0183954088728076	0.0406440612482391	0.257590510747772	0.122789086267686	0.0695496096645124	9.21360349325334e-16	0.0370097246465231	0.102314565999885	0.22977009958386	0.13367710822789	0.155287820150754	0.012285220465689	0.141387401257403	0.201972211475701	0.123381708483862	0.871500964403954	0.989288789025405	0.930306225062162	0.999999999999998	0.129293626575463	0.443017268239399	0.799551874590416	0.763448994739589	0.2760475731957	0.0420984817883125	0.966927849770664	0.0343255193539221	0.0231704327667083	0.988203403536175	0.319228646495079	0.999999999999998	0.999999999999998	0.999999999999997	0.239453652102718	0.999999999999998	0.999988285688131	0.47536288171818	0.189946126319139	0.604901679548193	0.999999999990171	1.17738334268489e-15	1.17384471767127e-15	0.999999999999997	0.999999999999998	0.999999999999997	0.999999999999998	0.898666664675108	0.984738925834031	0.999999999999997	0.998390871569527	0.549338608883993	0.500487627151867	0.267421990622331	0.97163607521827	0.579212704796158	1.25665357261182e-15	0.0378293843633831	0.077878614650484	0.669374631355289	0.999999999999998	0.367488482449334	0.898096814282474	0.999999999999998	0.809854303631964	0.184375813774561	0.0872513034904057	0.105563593424609	0.321638736791373	0.0502023830738882	7.44558538626627e-16	0.0188359208399193	6.86320568150915e-16	6.77888782505437e-16	0.0396367595648355	0.180773861752537	0.0324930718920803	0.0656995373720908	0.028101403655138	0.176764580467001	0.100959494723317	0.0634728532730568	0.214109757446582	0.157703148327088	0.0304657256498449	0.04600064370477	0.0595153273247484	0.191812892461048	7.48789504954521e-16	0.200410333485878	0.949596972212681	0.999999999999998	0.107938609500087	0.979413519801326	0.261769441600357	0.999999999999997	9.99830208669029e-16	0.630305358787909	0.981102388647572	0.471666935344296	1.08199125341843e-15	0.281177515934995	0.0510180955656897	1.22365064632837e-15	0.999999999999998	0.783409190950496	9.35611914204204e-16	0.695882846274329	1.15100155321873e-15	0.529545408818728	0.997058806964832	0.14889732436219	0.267742003440168	0.366400487134669	1.02013855881267e-15	0.999999999999998	0.679799591878883	0.972917869120793	0.322158095489933	0.0590263677766017	1.09078230497339e-15	1.04860977081628e-15	0.75199150611323	0.0593239013254924	0.910048656201575	0.999999999999995	0.344716090338202	0.806900895420671	0.750198194176775	6.98233270742047e-16	0.0850972561963828	0.90756284987347	0.808168599445235	0.0469107435152388	0.994598021009114	0.164896473486064	0.960497213090623	0.264123543220733	0.989215762476311	0.315991443147724	0.999999999999998	0.939040661530035	0.98842277907011	0.522536988068238	0.129187891304781	0.00674807861448642	0.634371104408412	0.228593366727206	9.23258690399603e-16	0.761212841887273	9.30824849045159e-16	0.999999999999998	0.543271497715095	0.677073638616858	0.436750946104245	0.0239470305177515	0.661920905000897	0.903035185180239	0.101380568858466	0.0162464389415808	0.893601883739353	0.128327547871134	1.02451334467346e-15	0.6519180445583	0.87837683182021	0.410856465884638	0.676376025706825	1.16399334999131e-15
"DC_Conventional_S01"	1.3733235356333e-15	2.78361660096944e-13	0.0977504653732151	0.358080303692295	0.493716619919806	0.57312592552564	0.256735804251259	1.33982257229537e-15	0.12102751154419	0.412436058898057	0.145861931110438	0.107891715647744	0.236905184001552	0.22452605019847	0.0699911229763217	1.20516634065268e-15	1.22891494701884e-15	1.33414808748058e-15	0.207887713187459	0.140251340052687	1.24733613503413e-15	0.0481759375809832	0.0353292867463871	0.188583840723288	9.24738576169842e-16	1.26042901309764e-15	1.25093775102908e-15	1.22121122814051e-15	4.36279326699219e-06	1.34754780165508e-15	3.15742377823089e-07	2.87470578417083e-14	1.29407321713018e-15	5.7858634282221e-14	0.249377687864034	0.29740611949302	0.319852258793829	0.259519580776622	0.648692598242286	1.42614689053386e-15	0.381538736130811	1.42895263715886e-15	1.44717412191964e-15	0.0968651539399202	1.41820375299542e-15	0.886981315739278	0.105801676357273	0.350347702260698	0.0465335142501436	0.142276605537288	0.718843119454909	0.187390742209909	0.041317238634623	0.55992938382979	0.759829275714827	2.95218614003832e-11	0.733182661243097	0.171975861371633	0.268221938081773	0.99999861801391	1.35849242331432e-15	1.47640565710467e-15	1.42246279850353e-15	0.5940423749875	0.556576811818219	9.67563745134982e-13	0.0231052216885908	0.548450668758587	0.150357502548031	0.117189342895024	0.0576297230951547	3.93307221701821e-07	0.479920067597416	0.7052632490802	0.00909192044394875	0.0241618952140555	0.00082969793169616	0.58886256976583	0.144396444712634	0.593935286973581	0.0447312818913562	0.126463650188547	0.431458011222043	0.299186396572894	1.07717895286118e-12	1.0345943969766e-15	0.0398070664363531	0.145750244438977	0.0672928999884997	9.72208018308015e-16	1.05321508586276e-15	8.53962462677884e-16	3.68788819706942e-15	8.68876824898091e-16	0.166313640235332	1.0424663686064e-15	0.0390214540060395	1.03949158369031e-15	1.09067107249612e-15	0.0344176021105241	1.01530183122188e-15	0.232710585116814	3.12609552466147e-05	9.44490226187078e-16	0.048208047642336	9.66797610831378e-16	0.0322231221761814	7.21928955931387e-13	0.0775554440734189	0.0632758568218428	0.572964875961242	0.28206546788269	0.575560375819817	0.221065702813387	0.542218935016232	1.37328108389677e-15	0.89711794733958	0.201215499440175	0.596735590904514	0.034816630552595	0.258622605891985	1.2926700899439e-15	1.43993710050732e-15	0.459898762784427	0.386133559524817	5.12019661746691e-15	0.172812042830324	0.057847710397585	0.297691986865322	0.308642534532054	0.431399731799188	0.0157135891675156	0.0839509404450215	0.154267516961656	0.50494034552371	1.25044800393191e-15	0.48342196018963	0.0250611380804563	0.0291571117796669	0.242827381849679	0.182883715707335	0.316440071686538	0.0894267022851676	3.55644918393923e-10	0.277436585848523	0.150407115366916	0.349726935554005	0.0274349548897311	0.0649673881473305	1.54059784523233e-15	0.983222441974591	1.47560925237583e-15	1.42712051365636e-15	0.295961521897488	0.283322290029356	0.187989157424001	0.301930708164784	0.672067365713594	0.242829968351728	0.836229828795468	0.69679563327123	0.288400831809394	0.480357744359825	1.30921456400476e-15	0.68421546213948	0.037763139472689	0.223999553061875	1.39724031338776e-15	0.847756966263441	1.28348662300092e-15	0.830705877040735	0.311716148008168	0.25095213767077	0.259821675728569	0.11656651787716	0.575925002098555	0.766716937951782	0.0142015585410432	0.552552084518046	0.399787041208861	0.489907653569038	0.127327484531209	0.849543012988919	0.344526807827287	0.523552131375173	0.505297105228881	0.337829806661543
"DC_Plasmacytoid_S02"	0.0171096109800113	2.13855732447663e-15	0.436771826589964	0.973057191388849	0.999999999999999	0.84575997455793	0.81834795238013	0.142261827136856	0.33644735587125	0.68051810163742	0.0138048048900066	0.2491389145705	0.478973666558443	0.562901106158429	0.629860710413659	0.319927898314361	0.61874531232174	0.128553654423175	0.999999999999998	0.754300654266245	0.306610861601472	0.295494510011429	0.49507174270266	0.214595001817422	0.163662115578697	0.114564030527409	0.206275540670618	0.305263397724329	0.185658092821881	0.415156626741898	0.386634581369037	0.0433598239379605	0.195846802060154	0.432234578478216	0.170900242167999	0.736082970255951	0.958117392707457	0.506224004596927	0.999999999999998	0.50794144211277	0.311285580463077	0.890313581703557	0.780190797918395	0.376648927852869	0.218333352950811	0.899263555309843	0.180987812159011	0.290474612948826	0.974036946649835	0.631343341898444	0.999999999999998	0.999999999999998	0.999999999995336	0.45167474415899	0.999999999999998	0.98260040025451	0.529960578039615	0.33467021532151	0.8135365282588	0.822469798879899	0.0432777457864595	0.118181241772536	0.999999999999998	0.999999997972966	0.999938531584693	0.999999999999998	0.765872192267442	0.865761844514715	0.997518098696501	0.996004696069298	0.442146036002672	0.798021884367286	0.100138066649327	0.991772175610832	0.576326930300404	0.359230887992743	0.231742859032167	0.277674417365878	0.476369167345933	0.999999999999998	0.53931524731991	0.900167707834713	0.950763001314108	0.756259537253431	0.499888914438225	0.141159629279409	0.164681479680332	0.306155172523027	0.057458649443111	0.0450489352167986	0.0555638160920266	0.0646805359623632	1.08686337013428e-15	1.19592613219427e-15	0.8274259768422	0.394959777320482	0.135656539026854	0.247761120598104	0.205446990870864	0.177969558702218	0.0722452060037934	0.279380135634399	0.291031500135317	0.0766297923584949	0.054214740885164	0.00372104719005158	0.258054775661403	1.18868281539819e-15	0.46816831881813	0.911027668946226	0.999999999999998	0.377374208416164	0.999999999999998	0.121812360378084	0.877553814132032	0.200994554230897	0.465740040972968	0.99136100099468	0.367421791595369	0.0285548401373495	0.310994665028328	0.245642734296938	0.191500671429964	0.966527958293598	0.982411406499357	1.75045783300823e-15	0.676019677348711	0.0537043419984687	0.170609413146361	0.958251067266599	0.32639774763193	0.38543615885417	0.711795597385408	0.0367904537096352	0.999999999999998	0.885254754492437	0.946079041086308	0.58944661344656	0.0099847640284559	0.249184144194679	0.12476662899233	0.332977544234374	0.15318683377024	0.809076118770976	0.999999999999998	0.453133590966344	0.798648989423483	0.981317626556115	1.13482857568815e-15	0.252584023266851	0.538796592270821	0.901372006519219	0.269117049873952	0.913518647273149	0.117628283615102	0.803221953438047	0.340339807976362	0.961927675995741	0.311633975536749	0.999999999999998	0.898426147356312	0.863755394971114	0.441682520684353	0.495671829035864	0.184762018571212	0.809242937705832	0.558137921017897	0.113864265839548	0.739134370747787	0.062635282871971	0.985782509429138	0.64292156803544	0.709730402821943	0.594434884089185	0.11014412002877	0.547669139377699	0.842082681302523	0.244920128177401	0.159481898106522	0.863080668804505	0.432725476849471	1.85359702660156e-15	0.586675061857505	0.911377939996407	0.486471670891727	0.771312791858537	0.234559240282114
"HRS_S03"	2.238336100107e-15	2.15861671046633e-15	0.142105124470857	0.464537828332408	0.845081527758776	0.649587787911009	0.465037367077836	2.21517299345954e-15	0.0257857297375243	0.227710666422348	5.68327391027781e-13	0.0539862335184164	0.128829662237923	0.143929351039247	0.150867225209309	1.96161095728052e-15	1.85070869718672e-15	0.0150078444933392	0.342677013535401	0.10308127073822	1.96112698401788e-15	1.41417878057818e-15	2.00101905686308e-15	0.0444893703586636	0.0777316452073228	1.74686487190939e-15	1.83867706992282e-15	2.16595146623396e-15	0.0620554832599383	2.02689683951259e-15	0.000729412575372204	0.0352549460760897	1.82221328078136e-15	1.78320296401578e-15	0.0479477972889239	0.300550075750703	0.464533722731357	0.580495943055473	0.836928686698842	1.95984655928134e-15	0.491961552086999	0.0964500626613487	0.322056137147221	0.0131035730356124	2.0353829624277e-15	0.776301120199004	0.0133255094641579	0.0226790961782768	0.562329747145914	0.0178111523653332	0.902587801412507	0.561158959462343	0.408628670317607	0.160384351422578	0.92453190314783	0.506373027586387	0.0922784873032892	0.13955206003489	0.284967558715467	0.999999999999995	2.21939408613483e-15	2.14160995510001e-15	0.367994533344134	0.700833599058923	0.850443091826541	0.553969796745741	0.324205932818475	0.771299678396394	0.577124722024828	0.320156369903418	0.225179618684772	0.0232089032291348	0.151517241102519	0.722504794366105	0.188246719851435	2.13759962057569e-15	1.59536798278928e-15	0.0989513500787757	0.336262626547898	0.881948161510309	0.11280334617012	0.275645233307532	0.795070988612544	0.64336441094537	2.04474176486935e-15	2.28523783979511e-08	1.63255750914095e-15	0.296216311111252	0.0494199428605247	1.46798388628956e-15	1.50663628091798e-15	1.47960123857373e-15	0.0267288115488011	0.0597868303212089	0.154330821107948	1.60692031894496e-15	0.0745375674750964	1.67415156364556e-15	0.00976775537917046	0.0397934898688784	1.66493554662085e-15	0.0241348893406303	0.0101265747253369	0.00729981273132092	0.0172741289245861	1.59771028798643e-15	0.0775485054239452	1.55534997406613e-15	0.136928290406118	0.348443021812503	0.880754992282783	1.55925702106565e-15	0.744820001377459	0.14416328843946	0.793668460980349	1.81064843714306e-15	0.75491462432348	0.246838482295891	0.356286537108519	2.1333730317492e-15	0.0536197645920873	1.87833169242748e-15	2.06860009629117e-15	0.834829345544038	0.417399407304073	1.88694216741741e-15	0.156544167193151	1.83439675767514e-15	0.274301984074007	0.483044416572281	0.119700786375241	0.185479404011958	0.190703562393047	2.02575489803642e-15	0.746134250943481	0.144478279159856	0.839195545528438	2.04538134591059e-15	0.0388432052192369	1.50664787708879e-14	0.022942336922415	0.48897260796624	2.05299008388306e-15	0.599899811911454	0.71925584191464	0.136195059197202	0.435739498763119	2.06646821766873e-15	0.00202694535860281	2.12829450424111e-15	0.829467159421132	0.121397346299612	1.93603907809169e-15	0.603323400553709	0.106967014969221	0.43526317825722	0.06602054281457	0.816008995947016	0.251486550217094	0.887354613748821	0.646008906079687	0.492165003124419	0.268892981048827	1.65490039982246e-15	2.19355761075276e-15	0.0462105388622581	0.0742151346154226	1.74812955012347e-15	0.641810438300341	1.80418866727834e-15	0.907006988931012	0.0643462899101203	0.0581239764744194	0.0929258136236614	1.92200578600015e-15	0.254109926246034	0.709706259715187	2.0430710001133e-15	2.13101248849771e-15	0.34371807837093	2.03053518213899e-15	2.15450184993912e-15	0.28772988259966	0.384847146234608	0.030799236715137	0.0581062272617404	2.12051975542023e-15
"Macrophage_S01"	2.01064812236541e-15	2.22452497706363e-15	1.99860699006921e-08	0.608688621821063	0.611024168863868	0.838238231463958	0.437649149803824	1.96428929054002e-15	0.17761375075688	0.761162214528732	1.86710012881115e-15	0.0571554040394448	0.0953851426788747	0.276080269394854	0.254200437377824	1.81480068662352e-15	0.0454422486051867	0.00288544682914883	0.850802199362907	0.123894368479964	2.07498288696538e-15	1.34629515150383e-15	1.62549678467828e-08	2.02068437457434e-14	0.079007588577824	6.04544741232899e-13	2.02494839503456e-15	1.86814959809141e-15	0.0109097086152702	2.06298575738438e-15	0.113300571083682	1.77141421242509e-15	1.4741392033457e-11	0.0498281525346025	0.0417092419585101	0.156543823168761	0.912839352664632	0.366327112047878	0.999999999999994	0.00593298607236849	0.546850089660852	0.327592508507592	0.56788597599104	0.140838189975319	2.06346970107139e-15	0.897437415003488	0.12971843514889	0.171931834658181	0.713718922975543	0.226369458889431	0.915924406140489	0.886193637631668	0.650508762818827	0.560274440871664	0.818958517592755	0.522972874298584	0.101079531029985	0.189888489894063	0.504588709564826	0.976779066871077	2.01007232042756e-15	2.04148008467943e-15	0.575015233857445	0.558262495184136	0.772872549691589	0.993309766951634	0.183895332117158	0.836300594783053	0.978848256614072	0.781918277272768	0.14860915739744	0.0551374597965888	0.151021194304819	0.836830519939492	0.418002219081587	2.97743346804071e-09	0.0795645901045116	0.207794054083186	0.390772856819968	0.96655798262224	0.593982919646268	0.666499289749095	0.999999982058772	0.733063283557351	1.38219722575096e-11	0.00900702914546311	1.84109465088324e-06	0.405199938467275	5.15737818109223e-13	0.0270448002749217	1.47971387792853e-15	1.38564474994644e-15	1.31102470752476e-15	0.00364773212241468	0.155093679919443	8.72619298079115e-07	0.0584200213667311	0.00367099843025583	0.053122752143792	0.000101125747195219	0.00105125602874198	0.213930466844194	0.0515705641143009	1.53514859032652e-15	0.0334206639951015	1.54310419382605e-15	0.00352281342117456	1.41611924311042e-15	0.174142325742	0.403539256563264	0.679817091315952	0.19616585520132	0.947324769277694	0.11116573551044	0.77269769581424	1.75176187843966e-15	0.752592539711512	0.45116259732751	0.634979717059385	2.1347202161109e-15	0.0613178776025164	0.00483327675864423	2.03971407272699e-15	0.699527188746183	0.450278328327701	1.79272376755357e-15	0.262821681391617	2.01237657798485e-15	0.129877329749431	0.230207494321905	0.122337806335712	0.157591997665456	0.233797457918562	1.96086918152326e-15	0.670564044259431	0.117140876019669	0.568461145890888	0.00066485785603403	0.045358749636419	1.86882681423549e-15	4.19852779595853e-10	0.4880634347046	2.10912601759666e-15	0.373036721035985	0.961460317743319	0.178801159962727	0.795654490488514	0.0627457213869495	1.40183792975472e-15	0.0437425793929182	0.719388374158945	0.153109853673828	0.0277726743711681	0.339085784336618	0.206642770710311	0.284878265169627	0.382153651308431	0.808608918269772	0.199588046472315	0.985898858496784	0.725820675881063	0.631782560370562	0.445708625425562	0.130872841834597	0.0858465448412755	0.164388290576905	0.212153860825049	1.90108623822834e-15	0.945518322623133	1.76710642565975e-15	0.696277027750169	0.284318634489345	0.0483877741508977	0.376897652893287	1.88755007350037e-15	0.657716458546355	0.964755017339681	1.94896965512421e-15	0.152251349974172	0.674025594045986	0.0149674852555361	2.03486183750135e-15	0.587666805624034	0.823049267286518	2.05909872851699e-15	0.200190173166102	2.14944832003969e-15
"Plasma_S02"	3.35322747685352e-15	3.20938303575028e-15	0.244600937347956	0.748694826805954	0.879387335574684	0.473600702708758	0.351960418132244	3.28811224515589e-15	3.27089285211868e-15	2.30064510069169e-15	2.54520366793121e-06	0.0382699289720359	0.191680367145125	0.228970834813393	0.269481808315649	0.083291024518725	0.00681385163696328	3.0536249674498e-15	0.527989080234792	0.287647841865397	0.0776593979538402	1.96684191793198e-15	0.144561108792253	0.0515930701181116	2.06483237572443e-15	2.6930813195291e-15	0.0131503166339137	0.0604937484057839	0.0888849490596602	0.135350637761703	0.089053646811283	2.6663469336054e-15	0.0647343941494649	0.0429745028771106	0.0439393878002614	0.436856685492691	0.241205398232479	0.280373889712759	0.622985046718222	0.00797584614032748	0.106799297733821	0.176422926619793	0.110973474546177	2.34049546412113e-15	3.26508334412369e-15	0.284299210958116	2.13451578783693e-15	0.0447265140264681	0.363097578940817	0.159329605437493	0.584281381786806	0.615081127336794	0.466944438997004	0.171684743337668	0.999991771078763	0.517387419081725	0.321459062285251	0.0538143522719407	0.0893904542181176	0.581308120883912	3.17467781617156e-15	4.66054142631963e-10	0.422303933527423	0.670469157784682	0.674396380681983	0.500989874878965	0.49404397114433	0.843501430313201	0.4734752508525	0.357221408221798	0.226431260494815	0.274824346433987	0.251515142294662	0.727432463689161	3.17061332592937e-15	3.30409615246738e-15	2.61322003401188e-15	0.0176711462402982	0.239563628825008	0.825071915354949	2.9664031936685e-15	0.224703161553433	0.596431492466653	0.425500831812696	0.251372921505851	0.100868047168554	0.0689149780281713	0.00238095199762701	0.0396197093778693	2.13547302014537e-15	2.34023289073672e-15	1.91847722309537e-15	1.92143314771259e-15	2.04858507686715e-15	0.0332883083580779	2.49990630844048e-15	0.0310127745283913	0.0820044854027123	0.0971238185813818	0.000122413166565998	2.38138670579757e-15	0.0696764202961803	0.0229280799921948	0.0124856794139342	0.0704358233829626	1.90406267685739e-15	0.0695316842997935	2.10645585193119e-15	0.134325665489922	0.23189495381604	0.881203421338109	3.06375595492276e-15	0.465159134414756	0.15010109422993	0.658892559376734	3.11959605931806e-15	0.248912533900905	0.42255271758869	0.0950140703162284	0.0264372029556154	0.155753200249684	2.15729234973463e-08	3.19641337026203e-15	0.640467281662701	0.586240735837516	2.84863514028454e-15	0.187416508338517	3.00532449296089e-15	0.0340669930511853	0.512253230994098	0.201302795872718	0.216465043569128	0.347788028542922	0.166663400434794	0.852321871265415	0.303108856381779	0.620370634762142	0.17856604321384	3.1133043156484e-15	0.198550995009191	0.0930485691281354	0.376770601946827	0.0500430931472749	0.347717365852725	0.512707078821378	0.0886299269360872	0.237149916784098	0.286637127365919	2.28158219079979e-15	3.17634127994906e-15	0.136063685490101	0.279428490629512	2.88790790989251e-15	0.4448323153336	0.0173889923206231	0.398295124466315	0.185257344840754	0.375333656351214	1.14407221238181e-05	0.449680672203094	0.121854442638811	0.244809630050354	0.0314711770947828	2.79725363503433e-15	2.93558863898369e-15	0.22946909272452	2.64732836691677e-15	2.88469569055655e-15	0.184367909140797	2.82788590187405e-15	0.19900385441848	0.131873477367197	0.102467788285021	2.14216481520551e-15	2.77738311429973e-15	2.82578592551815e-15	0.261381520175241	0.0579749805641515	2.96117842418923e-15	0.173533396372169	2.92051230852249e-15	3.00811853878384e-15	0.0520565581803692	0.0721153223520588	0.151226860406717	0.0320855983480013	3.05150970373219e-15
"T_CD4_S02"	0.151639771229566	0.0321949815729642	0.294095229473768	0.277371886556202	0.604070330068284	0.573621533721392	0.0963654156938773	3.3315048167517e-15	0.177770341908842	0.566790930893709	0.208094958623299	2.80876509496382e-15	0.143919993238056	0.109262924079892	0.0314939755273778	2.64342192759117e-15	2.65264846779933e-15	3.02020010909687e-15	0.147121037714226	0.0453839992220073	2.77549224227254e-15	0.35181451289176	0.0598979651866254	0.0810565168603484	0.355374166360287	2.37680871374721e-15	2.55556543600087e-15	2.78869969525709e-15	0.121892888649259	0.0256094677518938	0.0579399292655697	0.0228917126733178	0.00982141695578286	2.37411682038317e-15	0.317535972898288	0.129995930517022	0.654592339676087	0.09946427908723	0.848598846111203	3.05218552884222e-15	0.382149233909086	0.0133856516107719	3.10867059753403e-15	0.340753242838439	0.000434642782176204	0.932848217150465	0.368744997234463	0.916971464815265	3.14923431491908e-15	0.121618635334264	0.799655329442543	0.29266908504483	3.24871707527215e-15	0.899967385135927	0.611526057888108	0.013793043788356	0.804304328101175	0.450322421384697	0.452108953330203	0.999999999999994	0.0157349014769991	0.113266965068453	3.06687122115169e-15	0.824383138344472	0.532047857305227	0.166971376206528	0.00182738541111308	0.498945986094397	0.33555210415813	0.383658022473791	0.00977346566678375	0.00486098796621544	0.796434498234973	0.656789627859519	0.00908483942195726	0.0599230996671171	0.333714285543792	0.864031376541152	0.0320250734594202	0.46321132381899	0.0937805504859032	0.216784366594379	0.517788288549007	0.404355250158523	2.85030680563853e-15	0.142909432189642	0.103121259410799	0.257685706795113	0.180863988379563	0.27551237922874	0.088074164208433	0.276026593781203	0.290847895935664	0.606963900915056	0.595980357315507	0.0655778565083386	0.254344627755251	0.0500675272385625	0.0694956020901394	0.226534098487843	0.0753974924526866	0.251542207337044	0.0711887896635795	0.228317909550723	0.27813940600062	0.104696585113363	0.155730330858971	0.201772049468812	0.151329192627227	0.10482281720569	0.516783982339296	0.414428011504827	0.749989699181187	0.423951053907689	0.424813021413023	2.88402747720022e-15	0.999999999999995	0.0570276672590879	0.632468713805277	0.161895428893408	0.498227908908977	5.60233566144061e-05	0.0752369292667281	0.336221699360436	0.638089259966238	0.6194349143388	0.114586252652802	0.211601440267452	0.181573601199802	0.34333182594131	0.486761738658844	0.168449722490397	0.120719809552237	0.19439890597588	0.433222436842659	2.73220911274887e-15	0.498713421534458	3.54736918273146e-15	0.0419172372039561	0.259256136221466	0.138707221319497	0.268339027867442	0.191960952953048	0.0476372270226623	0.269199172929557	0.114896165160462	0.342762754542042	0.0345517977868139	0.259612985841948	0.0312157890251091	0.999999999999994	3.17786147449739e-15	2.65511884260003e-15	0.143469082419735	0.382586531224711	0.0340163154528337	0.431903723766432	0.800207119150556	0.89809165379695	0.929161202330594	0.661059200200205	0.370274964716897	0.484886827451884	0.0327295376394827	0.799515024966118	0.0929701885050168	0.387606311188394	0.0501454735044525	0.949284344281179	0.0558816448350648	0.999999999999995	0.448322301414143	0.333662944185018	0.481888578645326	0.377513342657267	0.86280249550605	0.837159782326956	0.193142975474484	0.68574051594257	0.361457611011916	0.707257601815408	0.56979221496592	0.922622358244516	0.503643469346494	0.718826345905133	0.527659210206607	0.688140554325654
"T_Treg_S01"	0.144019898437093	3.50274860506323e-15	0.286825138901532	0.750607323899506	0.999999999999993	0.376564828018776	0.283435601105972	0.0926986302455098	3.53336765220088e-15	2.60417426700507e-15	2.87848468073422e-15	4.86630320226278e-08	0.161585128219776	0.00251308302475694	0.111481007972506	2.68784227662344e-15	2.84318754392067e-15	3.04747282006509e-15	0.697758359475175	0.188600014763069	8.70087271014591e-08	1.88920907036567e-15	0.0953532992253419	0.137119445798689	1.97732736131677e-15	2.64887222368495e-15	2.93727239021068e-15	3.12150718924462e-15	2.25513690255533e-15	0.121178081851065	0.256869987374777	3.38914438776876e-05	3.05775894211785e-15	2.64642292880144e-15	3.2059615524769e-15	0.448444496628271	0.29561438638553	0.0204174584568271	0.772492972864865	0.177874549921671	0.0859977955440265	0.0361511182399968	0.0653735246325596	2.40677081184151e-15	3.40615076858073e-15	0.68564079299949	0.130273109089223	0.421774035479318	0.651235773321088	3.23928095426803e-15	0.817027056516619	0.189066174281813	0.228163036372568	3.56848793837182e-08	0.854892322971828	0.659241003159081	0.111038178986887	0.182050979215371	0.0782370729378736	0.964891511832724	0.00700673837181821	0.259532428653917	0.196332606894504	0.860728422143207	0.838577083642058	0.254328439355651	0.494150749150909	0.680562413062149	3.23895017689711e-15	2.97579769406895e-15	0.0373726847853954	0.413047810473158	0.321469030760054	0.652789246834283	0.0517219674459488	0.00307702476199695	7.80071409946821e-12	0.0846489368832392	0.294314107171414	0.99069939614206	0.0652479970217494	3.02008012909722e-15	0.488896137107023	0.404452160552599	0.449147415158642	2.28095647543159e-15	0.0175741420453822	0.153258150123924	0.0187087716512404	2.01177001226291e-15	0.010532498400333	1.89682475997178e-15	1.89050966124777e-15	0.00400206773085464	0.11365883954026	0.0228522079038839	2.14916223635212e-15	0.0262768091616064	2.49580979646482e-15	0.117070869677714	2.25760900854716e-15	0.0619525790602481	2.52300447201832e-15	2.16268195767989e-15	2.31405809458838e-15	7.67914726354013e-12	0.0587521103827321	2.11758664750141e-15	0.0365089589104533	0.334154297202847	0.980735588886119	3.18954467754158e-15	0.789313236727553	0.31253718496614	0.604432543856784	0.189884287070453	0.734524620839251	3.31230180850225e-15	3.15084734763351e-15	3.37848881175637e-15	0.111631385929546	0.131914203701513	0.0632206607083945	0.664816266325218	0.529428688113613	3.38480382131571e-15	3.39781621740315e-15	3.35819312999104e-15	3.2263131591826e-15	0.631027725632397	0.273073203658814	0.347752567890705	0.457447744076914	0.342141204899306	0.889416981901673	0.389458476785166	0.760579842565298	3.29364194223868e-15	3.05011778332274e-15	0.0766643841970356	0.253249682529324	0.321281679516799	3.21853888950128e-15	0.458155920260088	0.646099816465373	2.80985191762626e-15	0.100001144086172	0.0338925984468667	2.24729635330408e-15	3.41040306610124e-15	0.529670542719212	0.451675224930064	3.03576058943795e-15	0.547812820995778	2.48738938903411e-15	0.321270394736531	1.35984951698496e-11	0.640182529381405	0.344796386848361	0.620668692602343	0.414017542224751	0.352745269289098	3.15912044000538e-15	2.89900280302201e-15	0.308314379643987	0.267386801147126	2.14185593080144e-08	0.0687238814939286	0.529083352183597	0.0677160492352796	0.749303432291895	3.15564783563065e-15	0.161096252418456	2.39403107705073e-15	3.09634859516468e-15	0.245626795148332	0.513286551644907	0.0919355333089209	3.01542488263423e-15	2.90678942747823e-15	3.16890516581107e-15	0.24518888415451	0.120761401280471	6.11710761122278e-11	0.213981310207376	0.0142206529331838	0.264172419140274
